%
% FEM for rotating beams
%
% Jay Sitaraman
% 3/8/2013
%
nelements=1;

ngauss=6;
xgauss=[   0.03376524300000
           0.16939530700000
           0.38069040700000
           0.61930959300000
           0.83060469300000
           0.96623475700000];
weights=[   0.08566224600000
   0.18038078650000
   0.23395696750000
   0.23395696750000
   0.18038078650000
   0.08566224600000];

weights=[.171324492d0,.360761573d0,.467913935d0,.467913935d0,.360761573d0,.171324492d0];
